PORT=3000
MONGO_URI=mongodb+srv://benjaminparish6:qFQMrQpHeWmc1sRC@hederavote.a7v3h.mongodb.net/?retryWrites=true&w=majority&appName=HederaVote
JWT_SECRET=4e1e8e321bb42547b48a838552147edf5209174d707fcdc9323656e2946ff066
HEDERA_ACCOUNT_ID=0.0.4668388
HEDERA_PRIVATE_KEY=3030020100300706052b8104000a0422042093156d1f63b796a9402f4fe4cc775d3b132bea4d9727629edb1333b4835725ce
TOPIC_ID=0.0.4712010